1bcoA,295,0.0139498753591009,225,215
1wd3A,482,0.00919927156948134,321,319
2ww5A,431,0.00111062204784548,230,183
3bfmA,233,0.0186193157129236,185,190
2qdxA,257,0.0232520096159048,96,96
2f2cA,244,0.0204880625964824,139,139
2o39C,126,0.0119268046653865,63,62
1rifA,282,0.017412976297175,91,87
2vo4A,227,0.020535649585991,88,86
2c0gA,229,0.00496751284505272,123,122
1d3yA,289,0.00867840803080232,72,74
1oltA,493,0.0130107711982964,354,399
2zr1B,263,0.0171622540091891,140,139
1t6eX,362,0.0177682200062447,175,184
1ixmA,168,0.0125756757086772,60,51
1vpbA,455,0.0104953527377998,226,224
3eoqA,396,0.0121840090818065,211,209
1yisA,411,0.00666236608965424,102,122
2gauA,218,0.0125471419888728,138,126
1vdwA,250,0.0260692676061358,135,122
2ip1A,377,0.00974315647851886,248,245
1dwkA,152,0.00704828974747228,87,82
1feuA,185,0.0102759826650819,92,93
1imhC,281,0.00202233485982646,176,178
3i4pA,148,0.00453656557200473,52,52
1rl6A,164,0.0137158694879475,76,75
2nnuA,201,0.00879238955175809,103,100
1nkrA,195,0.0122974912447987,98,96
1bu8A,446,0.00775765286641701,340,277
2r9fA,334,0.0161372525787468,188,181
2npnA,246,0.00922198733984988,128,135
2oyoA,184,0.0216906323822367,62,55
3bq9A,479,0.0150712669144672,111,150
3c2qA,316,0.00695361695462848,87,86
1t15A,211,0.0173640038009346,108,108
1ho8A,447,0.00242405862850819,329,313
2r01A,201,0.0133619697530472,150,156
3fssA,248,0.00805704346668585,134,156
1wy5A,311,0.00331881246298444,218,225
2bfdB,348,0.0181335268659462,204,210
2hfnA,149,0.0501637632365096,97,93
2wfwA,126,0.0235027191756691,59,59
2gs8A,326,0.0141800071029843,169,158
2icyA,915,0.00959507247953589,350,802
2pgeA,356,0.013537114776767,128,142
3covA,288,0.0147657622074353,184,182
1knyA,253,0.00913616469726292,126,126
2jdiH,88,0.0268092320161719,47,46
1zl0A,314,0.0260459614500037,169,169
1nuyA,328,0.0220447036638392,193,191
3bofA,560,0.00782492906639146,301,299
3c9uA,308,0.0181553660157102,143,202
1xjvA,291,0.00815646710784295,143,140
3d6wA,107,0.0359214146432055,71,54
1k3xA,254,0.0121612311965135,127,123
2q8uA,310,0.0125425950966469,251,252
3a8gB,212,0.0152661790409828,111,112
2i0mA,207,0.0278995954087933,107,21
2i5hA,178,0.0152279691780519,73,89
3kjdA,350,0.0160751049171237,137,132
3gwaA,344,0.0231849294810818,177,1
2r6zA,222,0.0149641625177666,55,58
2elcA,329,0.019744865657186,68,65
1go3F,107,0.0256693769802195,48,13
2qacA,154,0.00599883245356178,80,82
3fhhA,621,0.0189000286668318,125,523
2i2lA,127,0.0140574942596952,52,54
2qfpA,424,0.021386341646785,115,113
2cvzA,283,0.0107086417598499,154,161
2z6rA,264,0.0143653029678902,114,115
1kyfA,247,0.0168483124023114,135,130
2nteA,210,0.0180536999386446,101,99
3dyjA,311,0.00596457164026809,165,161
2woyA,335,0.0071242130351807,174,170
1vhnA,299,0.0146286500886794,232,205
3edpA,219,0.0136027638508888,76,67
3i0zA,397,0.0177091856397331,202,196
1xo0A,322,0.00129876590065305,112,112
1o2dA,349,0.0167393284652587,175,173
2wqpA,341,0.0010338495506914,267,264
3ag3B,226,0.00794463244196254,91,89
1ve2A,222,0.0112944636055282,110,110
2id4A,499,0.0128853497860204,340,350
2a3nA,357,0.0142852296222667,159,180
3gnlA,238,0.0102895144273207,164,166
2w2gA,257,0.00725893351245566,130,128
1on2A,135,0.0134639425656999,73,73
2qsiA,111,0.00432715108660055,83,82
1o57A,270,0.0131954744608604,73,75
1y6zA,244,0.0114555580397407,157,136
3hhwK,421,0.00448697059139757,220,37
2ih2A,393,0.00611738714005109,224,224
1qgiA,259,0.0132766596781044,148,147
1gk9A,218,0.00252901352151733,149,151
1r6xA,386,0.012234274322741,168,322
2q8gA,369,6.59194920871187e-17,163,1
1qfgA,707,0.0156108402475247,143,1
2p0oA,346,0.00843500328976278,227,213
1uekA,268,0.0175625682025223,149,132
1fyhB,201,0.0117225967481141,98,97
3mksB,444,0.00526078259732078,101,103
1xkwA,655,0.015584276378639,128,564
3hbmA,278,0.0173022893265382,140,139
1inlA,285,0.0164874745614452,67,72
1txgA,335,0.0139106959555364,181,182
3czpA,466,0.00431656908648507,220,221
1o70A,296,0.0082007930466831,141,140
3cetA,296,0.00991765276327236,81,98
1t6cA,306,0.010120628270004,126,110
1wvgA,352,0.0240722579898104,194,260
2ajtA,498,0.00620088603968491,176,172
2f1fA,163,0.0125431163356036,80,82
1iarB,188,0.0118308348874832,97,96
2bihA,453,0.0175641234764332,275,360
3fs3A,197,0.00387664062552579,58,50
1sqwA,176,0.0196693603277485,94,92
3h8gA,497,0.00615491211714549,170,180
1sg4A,258,0.0191782355990178,204,228
1bl0A,116,0.0294595123349891,57,53
1o69A,374,0.0192503134362291,234,236
1lslA,113,0.00476079841676021,57,55
1t2dA,315,0.0187720931537356,149,149
3c0wA,223,0.0176380516613068,121,112
1fkmA,319,0.0155285257814099,194,185
1ppjB,424,0.0111461893277512,218,220
1h72C,303,0.0230402334987185,162,163
2qolA,310,0.0118048717503176,97,112
1o59A,313,0.010738653483451,176,175
2erjB,204,0.0125357195891444,101,100
1efdN,262,0.0179139393011012,92,129
3hk0A,230,0.0215144839309019,80,79
3ezxA,212,0.00831644357153052,87,82
1kzqA,253,0.00535471685675411,130,129
1f5nA,570,0.00246736038082587,271,306
1xkpA,217,4.5102810375397e-17,31,1
3cx5B,352,0.0108049964744025,215,200
1n67A,332,0.00982719140588432,142,140
1fpoA,171,0.00985398825637308,80,77
1q15A,491,0.014847700646234,206,204
2evrA,240,0.0208327902337937,75,82
1lv7A,251,0.0114056528033855,176,174
1t6sA,162,0.00282738494791054,87,81
3h7lA,578,0.0169193660955669,94,103
3ck6A,237,0.0171393778984052,118,205
2nrhA,192,0.0167841424020536,52,76
3gmoA,273,0.00360110070207141,179,177
2dt8A,277,0.025003756166408,148,148
1toaA,277,0.0225717375091279,145,147
2bb6A,414,0.00784376839844343,309,303
2cnqA,324,0.0151213031389502,112,118
3gonA,329,0.0156045570115325,196,191
2dxuA,231,0.0217329100909992,188,175
1h4aX,174,0.018939034142208,84,81
1u7iA,130,0.0111640439265656,71,69
2essA,244,0.0186413224833441,141,141
1quuA,248,0.00409357628903653,127,122
2nyiA,172,-8.32667268468867e-17,80,83
2v2gA,220,0.00700176149255847,151,150
2g3rA,147,0.0364077113800904,55,65
1txdA,352,0.00366144877299778,232,216
1x9iA,302,0.0223778795472732,163,160
1ccwB,483,0.0210669896068389,418,174
1lbuA,214,0.0259763201643871,85,85
3cx5A,431,0.0110186185312777,206,214
1g5hA,399,0.00888332622490139,288,265
3d1lA,255,0.001201230721043,156,172
1ya0A,458,0.00510025574560209,207,164
1sumB,225,0.0259021752333959,108,194
3jz0A,274,0.00422535172292841,137,144
1se8A,205,0.0190699868146629,100,111
3ir4A,234,0.0251414741598237,86,84
1y6kR,205,0.0115928277919308,103,101
1nijA,317,0.0136779573931039,202,134
1seiA,130,0.0330284221516944,73,73
2d3aA,353,0.0144801267397695,102,107
1k5nA,285,0.00592982982802792,182,188
3f8mA,238,0.00537354966409219,66,68
1s99A,179,0.0458273792589839,88,100
1fp2A,345,0.00614398603127046,97,118
1extA,160,0.00603702764173485,86,84
3bwhA,244,0.0251212300622413,161,178
1xr4A,494,0.0051237480808881,231,52
2z1eA,308,2.22044604925031e-16,120,4
1k8kD,284,0.00837318074390034,132,245
1l3kA,163,0.00662357217857612,85,84
1zboA,191,0.0223679592123408,111,109
1sp3A,436,0.0143246206472912,233,385
1khcA,135,0.0388708655736676,67,65
1vqoL,145,0.00147693385707177,51,52
1qksA,559,0.0136107672705619,128,128
1nhyA,215,0.0157357518418295,77,77
1x6oA,143,0.0130547479574116,65,65
3cygA,211,0.0150292285329891,119,105
3hr0A,250,0.00761661674183632,81,81
1wy2A,351,0.00467362427176627,126,125
3kvnA,627,0.00599853237268229,320,312
2wbtA,127,0.00418995772473988,70,50
1kmiZ,177,1.66533453693773e-16,31,1
1txkA,480,0.0111875523633529,365,219
1dkgA,158,0.00393119617453089,99,51
1bcpB,197,0.0152394556995292,88,88
1ev7A,295,0.00717160633417545,168,161
1t0fA,264,0.0136402032860114,165,163
2ia1A,187,-1.38777878078145e-17,120,184
1nu7D,282,0.00416870035456337,150,143
2ichA,321,0.0280549142239774,190,191
1mkfA,371,0.0145714103670281,200,200
1t77A,414,0.0163433915481187,116,136
1mtyG,162,0.00958066999638437,69,129
1yj7A,154,0.00157650739633962,73,66
2orwA,171,0.0265356354709139,127,124
2r7gA,336,0.00636719651103552,179,169
1n93X,335,0.00377910019073698,209,207
1a62A,122,0.031031771723153,45,46
3irbA,140,0.0341425653351874,69,112
3db3A,137,0.020296941835449,65,62
1yqeA,282,0.0270825723915178,187,184
3h4cA,208,0.0164590560931066,97,108
1xvhA,119,0.0147534313533434,65,65
2o3iA,366,0.0204406477836852,228,214
3cx5D,248,0.00557814214619095,201,200
2a2fX,296,0.00670991457390688,168,167
2o62A,275,0.0196173195337576,132,137
2qm4A,228,0.00598891278156419,140,141
1m3yA,413,0.0132003814985602,199,207
1iuqA,350,0.0173662988784241,76,105
1t3uA,90,0.00855168199001931,43,56
3bz6A,164,0.0359975445626754,89,89
1knzA,154,0.00609930807869946,103,102
2rjzA,135,0.012753420174328,37,39
2arhA,196,0.0238533701538147,157,101
1wurA,185,0.0109024151890343,55,46
1wpbA,168,0.00258290032121208,59,57
1rr7A,94,0.0027566246758603,47,43
1sauA,123,0.0470035978493275,45,47
2wjvD,54,-1.52655665885959e-16,28,27
1t6aA,119,0.00581586298791047,44,41
2pp6A,84,0.0251145160733891,22,21
2fpnA,198,0.0019636283968507,136,132
1x0tA,106,0.0199731184581841,62,62
1rgxA,89,0.00977727312480761,26,28
2z16A,153,0.0384485866538668,78,78
1rp3B,77,0.00444526196546779,41,40
1ezjA,115,0.00441589818638333,63,67
3c6fA,138,0.00159050504244668,69,72
1ic8A,170,0.0130618921000754,96,88
1chmA,401,0.00915986189777608,156,155
2we8A,349,0.00455361508568045,191,190
1k8wA,310,0.00737900994375244,242,211
1repC,214,0.0219010916433384,124,114
1pvgA,368,0.0150461089670384,248,231
2izrA,303,0.014567316758743,84,86
1dzfA,211,0.0144721807593333,139,138
2qiaA,262,0.0166424978099951,197,145
2i5vO,259,0.00832043163099558,101,122
1wpqA,348,0.0191781669510426,192,193
3eerA,143,0.00945004411965304,42,50
2i5eA,205,0.0244818643804625,163,163
1rqbA,448,0.0152298741116833,277,1
2gpjA,243,0.0185232803993164,99,102
1hdhA,524,0.0224430357265947,448,396
1ik9A,207,0.00158259507687351,115,129
3csvA,319,0.00826295262311442,82,118
2ywwA,141,0.0161414610850492,92,90
1r4xA,273,0.0109562806638581,160,157
1y4wA,517,0.0146837372864425,356,346
2dg5A,340,0.00486723441367676,234,230
1u8sA,171,0.00166422556899566,87,85
3ec3A,226,0.00996373283796456,110,109
1qo0D,189,0.0036623240200105,136,130
1n62A,161,0.0323534623592431,78,78
1vzyA,290,0.00797148811549504,235,234
3aa0A,278,0.00607214525987222,108,226
1cjaA,327,0.0154623563259695,151,150
2ab5A,249,0.0194970394800497,124,129
1mixA,206,0.0116677605987119,113,114
1n3lA,332,0.0116156004851409,212,211
2bnmA,194,0.0031408909650542,75,71
1cidA,177,0.0172689061390061,107,104
1u0jA,261,0.0149798357364227,56,57
1lf6A,674,0.00916241605471337,279,275
2vxzA,153,0.0226940068280342,66,73
3ix0A,87,0.0169722283988778,46,45
2dyiA,162,0.00785927018518487,85,83
3ce9A,346,0.0189572612112526,155,157
3bwgA,222,0.00352799179626108,66,77
3go9A,464,-6.07153216591882e-17,239,1
2f4nA,233,0.0101054678130195,147,146
1hyoA,416,0.0186694553992468,115,122
3frhA,241,0.0174092294170725,59,61
3d8cA,341,0.0136871939112234,298,294
3hhyA,259,0.0042079325242077,72,51
2zx2A,201,0.00309918698894624,97,99
1wlfA,164,0.0370097670101378,85,85
1cczA,171,0.0104761628241313,94,92
1y7tA,327,0.0212840099206273,155,153
1ntyA,320,0.00396578582753997,182,181
1qwrA,321,0.0169145305687644,226,229
1h99A,220,0.00375301691065668,115,115
3hbzA,341,0.00848761243458444,94,96
3k6mA,476,0.0132446344205799,240,342
3futA,268,0.0111232178430142,199,199
3mg1A,313,0.0134577089610895,171,176
1a41A,221,0.00902982477689681,128,127
2fj8A,120,0.0106213317648359,61,60
2qgqA,266,0.0190798191768037,208,1
1f6fB,195,0.0114852960688275,98,97
2dvmA,438,0.0089232252631778,159,136
2i76A,244,0.00223982136342636,143,152
3bjdA,335,0.011298260483737,97,100
1b9wA,91,0.0372242457171155,52,42
1zavA,179,0.0034423968713118,136,136
2bjqA,340,0.0100914229204431,173,170
3cebA,189,0.0208472854421952,84,82
2wi8A,289,0.0120357294142336,127,140
2bghA,413,0.0128341995002726,208,206
3d3yA,417,0.00909428798155685,232,230
1tuaA,189,0.0161501846959857,85,85
2ppqA,308,0.00842489121386405,94,97
2qsvA,221,0.00750774981899469,109,103
1r71A,114,0.0182431788552384,57,55
1h8pA,88,0.0200699244021569,43,46
2dejA,348,0.0178079168657385,176,158
1uasA,362,0.0162212139327167,275,185
3gr5A,153,0.0165396602764853,86,84
2rkhA,161,0.010694294485913,85,85
3fnbA,368,0.0193077810426258,120,121
3hrdC,291,0.019148598091083,179,174
1pg4A,633,0.0121869057825224,514,510
1zghA,221,0.0136634089863964,162,158
3bbyA,195,0.0277520643668004,70,75
3itwA,123,0.0236263256517967,68,68
1o97D,315,0.00244656248030321,190,192
1sddA,268,0.0267131524986787,168,168
2bywA,406,0.028713855004359,260,253
1n2zA,245,0.0131246951450432,120,119
2bo9B,217,0.0255386250606706,98,97
1u5pA,222,0.00566026793444242,109,116
2h88C,139,0.00341597697323346,32,31
3it4B,202,0.0118244071085118,80,76
3mvsA,223,0.00502023961212217,103,110
2hxoA,205,0.00624261373872686,64,1
3cbpA,246,0.0135926653147161,78,81
2bbrA,189,0.0143566951047813,90,97
1rzhH,239,0.00528250745112263,107,72
2dplA,287,0.0116652433335242,165,164
1sd4A,118,0.00577100446179707,67,73
1wddA,464,0.0104042538633717,139,140
1h03P,125,0.0121714001138994,63,62
1r4pA,281,0.0134060707207108,171,196
2wauA,277,0.00799501563895401,156,161
3hg9A,119,0.00759746414071253,78,76
3iv7A,349,0.0162707712867909,155,153
1jlyA,299,0.00418258576735408,160,155
1i36A,258,0.00650699380855389,160,159
1js8A,382,0.0180483080069417,277,270
2vs7A,187,0.0183983180435728,100,102
1qfjA,226,0.023511310117676,92,91
1hm9A,463,0.00313172264368894,251,242
3ilvA,570,0.00745283301537193,252,253
2xgeA,193,0.0154394174745048,66,64
2blnA,298,0.00877301910317691,197,193
1y7mA,161,0.0243663496028842,47,52
2q83A,326,0.0081345534138834,99,137
1e5rA,260,0.0159390793949827,174,170
2r7jA,307,0.00863811792812118,148,144
2h21A,424,0.00483601922762723,242,240
2zwaA,680,0.00641533233864462,350,354
1kzlA,202,0.0272136185943321,96,91
2qr6A,384,0.014530284886397,21,47
3h56A,336,0.0205306337890799,156,286
2qskA,108,0.0183920741263802,44,55
2g30A,233,0.0137559524183316,118,117
1fo8A,340,0.0180051285343103,232,129
2g0tA,333,0.0108626283699167,141,138
2awiA,294,0.00235174916278304,66,76
3l5eA,390,0.0178396778994576,151,183
1t3bA,209,0.0051714913973995,49,65
1hp1A,516,0.00718596472140194,329,322
3bb0A,575,0.0172546115571785,175,172
2hqsA,417,0.0095647174142872,143,142
3khpA,291,0.0222280751034474,160,161
2zxeB,265,0.00474222791515654,36,45
2akzA,435,0.0188511771629817,127,142
1x54A,434,0.00149456308704582,105,119
2xijA,716,0.0102053331517335,543,436
2iksA,272,0.00859623125287983,96,102
2trcP,212,0.00191390802586039,82,84
1skzA,104,0.0288161870577057,52,52
1cfbA,205,0.00755471702423819,100,100
3c2uA,549,0.014175060059595,329,333
2bjiA,274,0.0326978449810158,145,142
1oi7A,270,0.0218916605299241,123,136
1evlA,401,0.00871619878332821,290,283
2axcA,228,0.0265223907012488,204,200
2pn6A,153,0.00433077188079887,53,53
2bvcA,475,0.0150619139740658,105,120
1w23A,360,0.0217210317675344,258,260
2hftA,207,0.0114278517184018,104,104
1fyhA,242,0.0140608254273432,124,91
3dnhA,234,0.0222166934153327,151,151
2fb5A,204,0.0128455361166049,73,68
2q9uA,409,0.00732830680248281,252,244
3fj1A,340,0.0178356319176399,190,185
3ag3C,259,0.00412221176830032,69,77
1o7jA,326,0.0136445942166376,217,206
1ogoX,573,0.0154569143322737,205,371
2ra8A,339,0.0062664963364416,75,81
1m15A,356,0.0159126697061791,96,97
1x38A,602,0.0127766770282281,374,372
1oewA,333,0.0179459685801051,173,155
1rhyA,180,0.0466984458801985,90,85
1tr8A,86,0.00734556596671456,50,46
3d30A,218,0.0209375213169915,109,110
2w42A,395,0.0125352603926043,163,160
2vqeE,150,0.0265587496137116,65,62
3b4nA,316,0.0180765148505395,89,88
2gdqA,373,0.0182050984999923,108,345
3fldA,152,0.00282034304335317,45,48
1l3lA,228,0.00359099952751626,168,166
1i4wA,322,0.0121024460680619,248,247
1zelA,300,0.00613273980888599,99,103
1s0iA,623,0.0065727836605986,398,378
1j5wA,270,0.0258851458167005,195,182
1i88A,392,0.0235300485957887,235,1
2wzbA,407,0.009218844595214,181,189
1t0tV,243,0.017163845277131,133,132
2ffuA,494,0.000649596128576818,368,365
1n1cA,198,0.00149429343313288,116,119
1kmoA,661,0.0219023144585598,143,545
1h4vB,404,0.0012649044317975,307,306
3gzaA,448,0.0118868945085995,336,334
2cg7A,110,0.0184071621357551,47,57
2v9pA,272,0.00421434418246192,73,73
3k05A,196,0.0197803516895043,102,98
2hn1A,246,0.00193474186021043,143,170
1tqyB,402,0.0279357659201517,255,202
1a9xB,378,0.0172148266332134,151,152
1sg6A,377,0.0107241127017457,180,180
1ls1A,316,0.0131445069035159,91,99
2hsiA,231,0.0262745542076249,83,82
2guyA,476,0.0149492048118272,375,250
1gkmA,507,0.0072987934748736,194,203
3lo8A,310,0.0137756165228389,147,154
2gufA,551,0.0179548343621388,125,541
2aukA,189,0.0151634388261856,83,83
2rh0A,134,0.00512391760979542,84,80
1gmuA,138,0.0138523113597467,72,70
2bgcA,234,0.0113445783454858,121,119
3ajdA,254,0.0272592903349101,61,66
2cfqA,417,0.0154856897102455,206,205
1ux6A,335,0.0148028091033059,128,126
1qwyA,234,0.0236379620473549,63,62
1vi0A,184,0.0186776988653481,44,56
3h9yA,209,0.00899620130394152,101,101
2b5iC,191,0.0132268656782856,97,97
2waoA,336,0.0188772233505562,112,114
3cx3A,261,0.0172660831523176,153,144
1gnwA,210,0.0174606173972631,86,85
1h9aA,485,0.00806027147254257,176,181
1t8sA,439,0.00780814318096994,141,152
2rdeA,224,0.00530047538716656,114,114
1zeeA,356,0.0100692253256865,128,147
1vcaA,199,0.00896692921251181,90,89
3dsqA,278,0.0114016025967085,63,68
1px5A,327,0.013452881429285,142,176
1pswA,319,0.0111016207212593,140,141
3bl9A,286,0.00523512003942915,99,98
1d2nA,246,0.0150731252751925,173,170
1jy1A,431,0.021008295502602,205,213
1dj0A,264,0.0176981570741701,108,108
3bhyA,268,0.0135881118422618,92,90
1wiwA,278,0.0142660097820777,138,126
1wuiS,267,0.0175939836058858,183,170
1ks9A,291,0.00980281934802771,168,169
3hrzB,233,0.00480383012042345,77,177
3biqA,451,0.00660791652114914,168,171
1qcsA,190,0.027861022133948,83,84
1rzhM,301,0.00917776571082286,144,19
1p5vA,196,0.0116913168634619,112,113
2e5yA,133,0.0245828336065493,89,84
3bpzA,198,0.0120757078571272,67,60
1a8lA,226,0.030338332362202,119,91
1c9bA,207,0.00946914943700496,101,99
3mqdA,432,0.0268044028696337,258,268
3h38A,424,0.00383787890878212,160,212
1hx0A,515,0.0123197801957666,403,398
1jq5A,368,0.0154985384965067,161,167
2be3A,199,0.0184487802137815,143,139
2bjvA,236,0.010897173010964,160,155
3hq1A,578,1.48318857196017e-16,409,414
1kkoA,401,0.0141898265794779,164,166
2oq0A,186,0.0157925519520022,100,98
1ka1A,354,0.022296565596495,220,216
1zk8A,177,0.0170655643825898,47,61
1k0mA,235,0.0205364082561348,93,92
3fgrA,192,0.0185701907172877,53,76
3hrgA,283,0.0138466860697125,140,160
1rz4A,207,0.0157057226384126,119,101
1v0dA,244,0.00670294159591349,50,63
1qd1A,329,0.0117434134882408,181,186
3dkxA,202,0.00226920221818035,135,130
3hn5A,207,0.0216792461097532,88,92
1ng6A,148,0.0165676170805769,92,91
1eexG,137,0.0140577643033176,45,73
2gu3A,130,0.0242649254692899,66,67
2a1iA,129,0.0251242455431721,118,109
1fjrA,188,0.0225899994375058,64,66
1e7lA,166,0.00145409834512817,92,101
2vvfA,269,0.0176218761917578,142,147
1nh2D,105,0.00902484337861077,54,52
2p2uA,144,0.00348986352196305,70,81
1k78A,126,0.00175132466740043,67,67
1w9zA,257,0.00871466057509707,47,57
2ox7A,140,0.0132551602472229,65,64
3ieeA,264,0.0133247188278148,150,154
1k04A,142,0.0054245183355828,39,39
3aagA,236,0.0140764240019432,128,111
1u2cA,228,0.0135534245526495,104,103
2hwjA,193,0.0153551786929828,126,124
2hiyA,181,0.0239478472857538,87,79
3fbqA,283,0.00940705186459146,145,145
1hx6A,394,0.0151181247806831,230,258
1floA,405,-2.77275673960251e-17,124,1
1hf2A,196,0.0204690063486935,91,89
2icwG,213,0.0108871229728983,125,121
2gk9A,243,0.0137851347956916,157,156
2i6hA,190,0.017999623491221,81,117
2fefA,283,0.0206638254199316,126,133
3f6gA,121,0.0259375991624214,59,58
1g4mA,356,0.00873400052150964,174,168
3hlzA,279,0.00588873516925817,137,144
2ph7A,214,0.0155736969441687,120,97
1y7pA,212,0.00494810674233253,74,78
2auwA,156,0.0142808787531763,83,88
1yi9A,295,0.014257396001834,157,153
2ghjA,99,0.00754505954129117,32,35
1lm8V,150,0.0129665582308062,94,1
3brcA,148,0.016892888022602,35,34
2ra9A,129,0.0352214102881167,55,58
1szhA,147,0.0235921347532712,66,67
2a25A,146,0.0385912313805587,29,34
1zhsA,113,0.00965612613810461,56,55
1wv3A,181,0.0152882670545056,76,77
3c19A,181,0.00341920169409721,100,97
2aplA,147,0.0139963292808452,67,67
2i8dA,122,0.00436397374292511,78,65
1zpsA,124,0.031243083655179,96,89
2vxgA,131,0.0294668501651582,47,53
3hl6A,189,0.0331345962736687,75,99
2pgcA,199,0.0206797720322428,98,97
3proC,156,0.012405335451698,80,83
1qf8A,159,0.025216398182092,93,73
2ga1A,103,0.0082808714036505,31,29
2fomB,159,0.0354472870100795,69,72
3fqmA,160,0.0190122739863572,72,72
2i15A,122,0.00683398605741358,39,38
1u3eM,174,0.00185770510345344,107,106
3keyA,175,0.0154178673330878,88,88
